"Dstat 0.7.2 CSV output"
"Author:","Dag Wieers <dag@wieers.com>",,,,"URL:","http://dag.wieers.com/home-made/dstat/"
"Host:","clovertown02",,,,"User:","root"
"Cmdline:","dstat --all -T --output marc_log/wordtest/1_20480000_3800000000_0.75.csv",,,,"Date:","07 Mar 2016 13:00:25 CET"

"total cpu usage",,,,,,"dsk/total",,"net/total",,"paging",,"system",,"epoch"
"usr","sys","idl","wai","hiq","siq","read","writ","recv","send","in","out","int","csw","epoch"
22.781,2.133,74.575,0.141,0.000,0.370,200691.423,2233895.902,0.0,0.0,46.694,77.294,912.151,940.133,1457352025.279
0.0,0.0,100.0,0.0,0.0,0.0,0.0,0.0,6171.0,4821.0,0.0,0.0,168.0,345.0,1457352026.280
0.0,0.0,100.0,0.0,0.0,0.0,0.0,0.0,0.0,0.0,0.0,0.0,147.0,297.0,1457352027.280
0.0,0.0,100.0,0.0,0.0,0.0,0.0,0.0,294.0,682.0,0.0,0.0,164.0,327.0,1457352028.280
0.0,0.0,99.750,0.250,0.0,0.0,0.0,77824.0,0.0,0.0,0.0,0.0,154.0,303.0,1457352029.280
0.0,0.0,100.0,0.0,0.0,0.0,0.0,0.0,536.0,1242.0,0.0,0.0,144.0,294.0,1457352030.280
0.0,0.0,100.0,0.0,0.0,0.0,0.0,0.0,0.0,0.0,0.0,0.0,159.0,320.0,1457352031.280
0.0,0.0,100.0,0.0,0.0,0.0,0.0,0.0,472.0,1242.0,0.0,0.0,157.0,320.0,1457352032.280
0.0,0.0,100.0,0.0,0.0,0.0,0.0,0.0,0.0,0.0,0.0,0.0,145.0,288.0,1457352033.280
0.0,0.0,100.0,0.0,0.0,0.0,0.0,0.0,358.0,682.0,0.0,0.0,154.0,309.0,1457352034.280
0.0,0.0,99.875,0.125,0.0,0.0,0.0,12288.0,0.0,0.0,0.0,0.0,151.0,312.0,1457352035.280
0.0,0.125,99.875,0.0,0.0,0.0,0.0,0.0,472.0,1242.0,0.0,0.0,157.0,310.0,1457352036.280
0.0,0.0,100.0,0.0,0.0,0.0,0.0,0.0,0.0,0.0,0.0,0.0,155.0,298.0,1457352037.280
0.0,0.0,100.0,0.0,0.0,0.0,0.0,0.0,600.0,1242.0,0.0,0.0,153.0,308.0,1457352038.280
0.0,0.0,100.0,0.0,0.0,0.0,0.0,24576.0,0.0,0.0,0.0,0.0,155.0,295.0,1457352039.280
0.0,0.125,99.875,0.0,0.0,0.0,0.0,0.0,550.0,682.0,0.0,0.0,166.0,326.0,1457352040.280
0.0,0.0,99.750,0.250,0.0,0.0,0.0,20480.0,0.0,0.0,0.0,0.0,159.0,313.0,1457352041.280
0.0,0.0,100.0,0.0,0.0,0.0,0.0,0.0,536.0,1242.0,0.0,0.0,147.0,298.0,1457352042.280
0.0,0.0,100.0,0.0,0.0,0.0,0.0,0.0,0.0,0.0,0.0,0.0,154.0,311.0,1457352043.280
0.0,0.0,100.0,0.0,0.0,0.0,0.0,0.0,408.0,1242.0,0.0,0.0,157.0,319.0,1457352044.280
0.0,0.0,100.0,0.0,0.0,0.0,0.0,0.0,0.0,0.0,0.0,0.0,143.0,286.0,1457352045.280
0.0,0.0,100.0,0.0,0.0,0.0,0.0,0.0,358.0,682.0,0.0,0.0,152.0,309.0,1457352046.280
0.0,0.0,99.875,0.125,0.0,0.0,0.0,12288.0,0.0,0.0,0.0,0.0,153.0,305.0,1457352047.280
4.528,0.0,95.472,0.0,0.0,0.0,0.0,0.0,344.0,1242.0,0.0,0.0,307.0,400.0,1457352048.280
2.005,0.251,97.744,0.0,0.0,0.0,0.0,143360.0,0.0,0.0,0.0,0.0,280.0,349.0,1457352049.280
0.125,0.0,99.875,0.0,0.0,0.0,0.0,0.0,664.0,1242.0,0.0,0.0,143.0,293.0,1457352050.280
0.0,0.0,100.0,0.0,0.0,0.0,0.0,0.0,0.0,0.0,0.0,0.0,143.0,297.0,1457352051.280
0.125,0.0,99.875,0.0,0.0,0.0,0.0,0.0,422.0,682.0,0.0,0.0,164.0,332.0,1457352052.280
0.0,0.0,99.875,0.125,0.0,0.0,0.0,40960.0,0.0,0.0,0.0,0.0,154.0,307.0,1457352053.280
0.0,0.0,100.0,0.0,0.0,0.0,0.0,57344.0,536.0,1242.0,0.0,0.0,170.0,301.0,1457352054.280
0.0,0.0,100.0,0.0,0.0,0.0,0.0,0.0,0.0,0.0,0.0,0.0,151.0,303.0,1457352055.280
0.0,0.0,100.0,0.0,0.0,0.0,0.0,0.0,600.0,1242.0,0.0,0.0,149.0,308.0,1457352056.280
0.0,0.0,100.0,0.0,0.0,0.0,0.0,0.0,0.0,0.0,0.0,0.0,134.0,280.0,1457352057.280
0.0,0.0,100.0,0.0,0.0,0.0,0.0,0.0,422.0,682.0,0.0,0.0,164.0,322.0,1457352058.280
0.125,0.249,99.501,0.125,0.0,0.0,0.0,65536.0,0.0,0.0,0.0,0.0,303.0,438.0,1457352059.280
2.258,0.125,97.616,0.0,0.0,0.0,0.0,0.0,323729.0,32029.0,0.0,0.0,278.0,413.0,1457352060.280
0.125,0.0,99.875,0.0,0.0,0.0,0.0,0.0,0.0,0.0,0.0,0.0,160.0,320.0,1457352061.280
0.0,0.0,100.0,0.0,0.0,0.0,0.0,0.0,472.0,1242.0,0.0,0.0,143.0,298.0,1457352062.280
0.0,0.0,100.0,0.0,0.0,0.0,0.0,0.0,0.0,0.0,0.0,0.0,140.0,291.0,1457352063.280
0.0,0.0,99.625,0.375,0.0,0.0,0.0,425984.0,358.0,682.0,0.0,0.0,194.0,342.0,1457352064.280
0.0,0.0,100.0,0.0,0.0,0.0,0.0,0.0,0.0,0.0,0.0,0.0,134.0,281.0,1457352065.280
0.0,0.125,99.875,0.0,0.0,0.0,0.0,0.0,536.0,1242.0,0.0,0.0,146.0,304.0,1457352066.280
0.0,0.0,100.0,0.0,0.0,0.0,0.0,0.0,0.0,0.0,0.0,0.0,154.0,314.0,1457352067.280
10.367,0.885,88.622,0.0,0.0,0.126,0.0,0.0,600.0,1242.0,0.0,0.0,928.0,924.0,1457352068.280
13.671,1.266,84.937,0.0,0.0,0.127,0.0,0.0,24747.0,8425.0,0.0,0.0,993.0,988.0,1457352069.283
13.959,2.411,83.122,0.254,0.0,0.254,0.0,147456.0,645.0,1122.0,0.0,0.0,1318.0,1292.0,1457352070.288
15.148,2.953,81.515,0.0,0.0,0.385,0.0,0.0,2533.0,1423.0,0.0,0.0,1076.0,1020.0,1457352071.281
23.277,1.821,74.902,0.0,0.0,0.0,0.0,0.0,0.0,0.0,0.0,0.0,1490.0,1472.0,1457352072.280
29.682,1.274,68.917,0.0,0.0,0.127,0.0,0.0,96037.0,3814.0,0.0,0.0,1323.0,1170.0,1457352073.283
27.097,9.419,63.097,0.0,0.0,0.387,0.0,872448.0,357.0,1199.0,0.0,0.0,1711.0,1491.0,1457352074.281
77.497,15.979,5.859,0.399,0.0,0.266,0.0,356352.0,249.0,779.0,0.0,0.0,2719.0,2481.0,1457352075.280
93.519,6.349,0.0,0.0,0.0,0.132,0.0,0.0,179.0,639.0,0.0,0.0,2261.0,1698.0,1457352076.280
94.868,4.868,0.0,0.0,0.0,0.263,0.0,0.0,229.0,1199.0,0.0,0.0,2071.0,1397.0,1457352077.280
95.675,4.325,0.0,0.0,0.0,0.0,0.0,0.0,115.0,639.0,0.0,0.0,2081.0,1223.0,1457352078.280
95.698,4.172,0.0,0.0,0.0,0.130,0.0,569344.0,243.0,639.0,0.0,0.0,2353.0,1784.0,1457352079.280
94.967,4.901,0.0,0.0,0.0,0.132,0.0,262144.0,357.0,1199.0,0.0,0.0,2112.0,1392.0,1457352080.282
96.974,2.889,0.0,0.0,0.0,0.138,0.0,0.0,185.0,779.0,0.0,0.0,1903.0,1128.0,1457352081.280
94.474,5.526,0.0,0.0,0.0,0.0,0.0,0.0,249.0,779.0,0.0,0.0,2142.0,1337.0,1457352082.280
92.598,6.864,0.0,0.0,0.0,0.538,0.0,0.0,293.0,1199.0,0.0,0.0,2152.0,1534.0,1457352083.280
95.658,4.079,0.0,0.0,0.0,0.263,0.0,0.0,70543.0,70922.0,0.0,0.0,2124.0,1338.0,1457352084.279
96.723,3.145,0.0,0.0,0.0,0.131,0.0,61440.0,307.0,639.0,0.0,0.0,2134.0,1420.0,1457352085.281
96.226,3.235,0.0,0.0,0.0,0.539,0.0,0.0,334.0,1799.0,0.0,0.0,2225.0,1528.0,1457352086.280
92.450,7.020,0.0,0.0,0.0,0.530,0.0,0.0,83765.0,85031.0,0.0,0.0,2333.0,1711.0,1457352087.285
92.225,7.641,0.0,0.0,0.0,0.134,0.0,0.0,48506.0,47811.0,0.0,0.0,2245.0,1821.0,1457352088.281
92.980,6.623,0.0,0.0,0.0,0.397,0.0,638976.0,1591.0,2013.0,0.0,0.0,2281.0,1413.0,1457352089.282
92.715,7.152,0.0,0.0,0.0,0.132,0.0,0.0,0.0,0.0,0.0,0.0,2166.0,1198.0,1457352090.280
92.583,7.020,0.0,0.0,0.0,0.397,0.0,61440.0,358.0,1278.0,0.0,0.0,2345.0,1581.0,1457352091.282
94.591,5.409,0.0,0.0,0.0,0.0,0.0,0.0,15056.0,15662.0,0.0,0.0,2272.0,1304.0,1457352092.280
95.553,4.193,0.0,0.0,0.0,0.254,0.0,0.0,179.0,639.0,0.0,0.0,2254.0,1355.0,1457352093.281
96.589,3.274,0.0,0.0,0.0,0.136,0.0,0.0,179.0,639.0,0.0,0.0,2021.0,1237.0,1457352094.285
93.579,6.421,0.0,0.0,0.0,0.0,0.0,0.0,7989.0,8905.0,0.0,0.0,2117.0,1471.0,1457352095.280
93.850,5.882,0.0,0.0,0.0,0.267,0.0,57344.0,179.0,639.0,0.0,0.0,2104.0,1314.0,1457352096.280
93.867,5.733,0.133,0.0,0.0,0.267,0.0,0.0,193.0,787.0,0.0,0.0,2192.0,1169.0,1457352097.283
92.199,7.033,0.384,0.0,0.0,0.384,0.0,0.0,3017.0,4325.0,0.0,0.0,2515.0,2543.0,1457352098.285
93.256,6.744,0.0,0.0,0.0,0.0,0.0,0.0,5087.0,6764.0,0.0,0.0,2251.0,1729.0,1457352099.281
94.305,5.563,0.0,0.0,0.0,0.132,0.0,0.0,757.0,1638.0,0.0,0.0,2176.0,1475.0,1457352100.280
96.239,3.632,0.0,0.0,0.0,0.130,0.0,28672.0,229.0,1199.0,0.0,0.0,2113.0,1317.0,1457352101.281
96.097,3.769,0.0,0.0,0.0,0.135,0.0,0.0,115.0,639.0,0.0,0.0,1979.0,1333.0,1457352102.281
95.798,3.782,0.0,0.0,0.0,0.420,0.0,0.0,9139.0,9609.0,0.0,0.0,1970.0,1491.0,1457352103.281
95.538,4.199,0.0,0.0,0.0,0.262,0.0,0.0,8339.0,9318.0,0.0,0.0,2167.0,1562.0,1457352104.280
96.809,3.059,0.0,0.0,0.0,0.133,0.0,0.0,313.0,709.0,0.0,0.0,2138.0,1427.0,1457352105.280
95.972,3.194,0.0,0.0,0.0,0.833,0.0,86016.0,44872.0,45452.0,0.0,0.0,2057.0,1455.0,1457352106.298
95.694,4.167,0.0,0.0,0.0,0.139,0.0,4096.0,46875.0,46332.0,0.0,0.0,2084.0,1526.0,1457352107.283
94.723,5.007,0.0,0.0,0.0,0.271,0.0,0.0,32868.0,33210.0,0.0,0.0,2151.0,1609.0,1457352108.283
96.719,3.150,0.0,0.0,0.0,0.131,0.0,249856.0,599.0,1569.0,0.0,0.0,2159.0,2440.0,1457352109.281
96.204,3.796,0.0,0.0,0.0,0.0,0.0,188416.0,363.0,1339.0,0.0,0.0,2284.0,4509.0,1457352110.279
95.724,4.0,0.0,0.0,0.0,0.276,0.0,0.0,13297.0,13562.0,0.0,0.0,2124.0,3471.0,1457352111.282
95.850,4.021,0.0,0.0,0.0,0.130,0.0,151552.0,179.0,639.0,0.0,0.0,2353.0,2889.0,1457352112.280
98.693,1.176,0.0,0.0,0.0,0.131,0.0,0.0,0.0,0.0,0.0,0.0,2088.0,1297.0,1457352113.280
99.340,0.660,0.0,0.0,0.0,0.0,0.0,0.0,0.0,0.0,0.0,0.0,2103.0,1415.0,1457352114.280
97.558,2.442,0.0,0.0,0.0,0.0,0.0,753664.0,8632.0,10339.0,0.0,0.0,2297.0,1517.0,1457352115.279
97.059,2.941,0.0,0.0,0.0,0.0,0.0,0.0,485.0,1199.0,0.0,0.0,2122.0,1335.0,1457352116.280
96.997,2.872,0.0,0.0,0.0,0.131,0.0,94208.0,307.0,639.0,0.0,0.0,2108.0,1015.0,1457352117.279
95.007,4.731,0.0,0.0,0.0,0.263,0.0,0.0,179.0,639.0,0.0,0.0,2159.0,1418.0,1457352118.280
93.733,6.131,0.0,0.0,0.0,0.136,0.0,0.0,357.0,1199.0,0.0,0.0,2050.0,1576.0,1457352119.279
89.267,10.602,0.0,0.0,0.0,0.131,0.0,0.0,5270.0,2635.0,0.0,0.0,2323.0,2314.0,1457352120.283
84.857,14.461,0.273,0.0,0.0,0.409,0.0,0.0,0.0,0.0,0.0,0.0,2497.0,2268.0,1457352121.282
78.788,20.817,0.132,0.0,0.0,0.264,0.0,49152.0,56603.0,20130.0,0.0,0.0,2356.0,1901.0,1457352122.286
87.805,11.382,0.0,0.0,0.0,0.813,0.0,0.0,67513.0,19783.0,0.0,0.0,2437.0,4983.0,1457352123.283
96.424,3.576,0.0,0.0,0.0,0.0,0.0,0.0,75557.0,31581.0,0.0,0.0,2319.0,7451.0,1457352124.283
96.272,3.085,0.0,0.0,0.0,0.643,0.0,884736.0,8585.0,10198.0,0.0,0.0,2489.0,5358.0,1457352125.280
92.277,7.190,0.0,0.0,0.0,0.533,0.0,0.0,24698.0,25427.0,0.0,0.0,2335.0,2687.0,1457352126.281
92.563,7.039,0.0,0.0,0.0,0.398,0.0,151552.0,24714.0,25715.0,0.0,0.0,2348.0,1980.0,1457352127.282
90.574,8.743,0.0,0.0,0.0,0.683,0.0,0.0,30818.0,32294.0,0.0,0.0,2254.0,1945.0,1457352128.280
88.067,11.543,0.0,0.0,0.0,0.389,0.0,0.0,10917.0,13784.0,0.0,0.0,2293.0,2338.0,1457352129.281
80.871,17.942,0.132,0.0,0.0,1.055,0.0,0.0,710.0,2970.0,0.0,0.0,2194.0,2093.0,1457352130.279
89.495,9.840,0.0,0.0,0.0,0.665,0.0,0.0,9746.0,10660.0,0.0,0.0,2205.0,5359.0,1457352131.282
92.198,7.022,0.260,0.0,0.0,0.520,0.0,0.0,850.0,3252.0,0.0,0.0,2248.0,2139.0,1457352132.280
93.316,5.767,0.0,0.0,0.0,0.917,0.0,24576.0,871.0,2613.0,0.0,0.0,2304.0,4125.0,1457352133.279
96.073,3.665,0.0,0.0,0.0,0.262,0.0,0.0,964.0,3814.0,0.0,0.0,2230.0,3119.0,1457352134.282
94.205,5.121,0.0,0.0,0.0,0.674,0.0,0.0,249.0,779.0,0.0,0.0,2219.0,1609.0,1457352135.283
93.973,5.342,0.0,0.0,0.0,0.685,0.0,0.0,1128.0,4533.0,0.0,0.0,2124.0,4551.0,1457352136.280
94.094,5.101,0.0,0.0,0.0,0.805,0.0,0.0,647.0,2759.0,0.0,0.0,2145.0,3559.0,1457352137.282
94.085,4.930,0.0,0.0,0.0,0.986,0.0,49152.0,533.0,2200.0,0.0,0.0,2083.0,2130.0,1457352138.283
95.767,3.439,0.132,0.0,0.0,0.661,0.0,0.0,10693.0,12149.0,0.0,0.0,2179.0,1673.0,1457352139.284
96.599,2.993,0.136,0.0,0.0,0.272,0.0,413696.0,9284.0,11938.0,0.0,0.0,2186.0,1491.0,1457352140.281
94.899,4.698,0.0,0.0,0.0,0.403,0.0,0.0,8876.0,12305.0,0.0,0.0,2197.0,1527.0,1457352141.284
96.452,3.417,0.0,0.0,0.0,0.131,0.0,0.0,23434.0,25132.0,0.0,0.0,2278.0,1554.0,1457352142.281
97.919,2.081,0.0,0.0,0.0,0.0,0.0,118784.0,9990.0,14333.0,0.0,0.0,2175.0,1164.0,1457352143.301
98.605,1.116,0.0,0.0,0.0,0.279,0.0,0.0,9604.0,11884.0,0.0,0.0,1914.0,701.0,1457352144.282
96.054,3.537,0.0,0.0,0.0,0.408,0.0,335872.0,8099.0,8109.0,0.0,0.0,2196.0,1265.0,1457352145.279
95.020,4.845,0.0,0.0,0.0,0.135,0.0,0.0,39570.0,41604.0,0.0,0.0,2272.0,1533.0,1457352146.281
98.264,1.469,0.0,0.0,0.0,0.267,0.0,0.0,1070.0,4624.0,0.0,0.0,2151.0,1125.0,1457352147.281
99.064,0.802,0.0,0.0,0.0,0.134,0.0,0.0,26642.0,27630.0,0.0,0.0,2022.0,802.0,1457352148.288
97.344,2.258,0.0,0.0,0.0,0.398,0.0,65536.0,8634.0,10156.0,0.0,0.0,2091.0,1026.0,1457352149.287
93.968,5.630,0.0,0.0,0.0,0.402,0.0,0.0,356.0,1422.0,0.0,0.0,2203.0,1381.0,1457352150.283
98.389,1.477,0.0,0.0,0.0,0.134,0.0,0.0,1128.0,4554.0,0.0,0.0,2064.0,831.0,1457352151.280
98.427,1.442,0.0,0.0,0.0,0.131,0.0,0.0,406.0,1982.0,0.0,0.0,2098.0,908.0,1457352152.281
97.094,2.906,0.0,0.0,0.0,0.0,0.0,0.0,292.0,1422.0,0.0,0.0,2121.0,1152.0,1457352153.283
95.340,4.527,0.0,0.0,0.0,0.133,0.0,24576.0,9353.0,12177.0,0.0,0.0,2149.0,1266.0,1457352154.282
96.694,2.893,0.0,0.0,0.0,0.413,0.0,0.0,647.0,2765.0,0.0,0.0,2047.0,1096.0,1457352155.279
98.560,1.047,0.0,0.0,0.0,0.393,0.0,0.0,9019.0,10004.0,0.0,0.0,2079.0,773.0,1457352156.285
95.839,4.027,0.0,0.0,0.0,0.134,0.0,0.0,7700.0,8839.0,0.0,0.0,2151.0,1317.0,1457352157.281
99.181,0.682,0.0,0.0,0.0,0.136,0.0,0.0,1355.0,5897.0,0.0,0.0,2004.0,759.0,1457352158.280
92.954,4.878,0.0,0.0,0.0,2.168,0.0,0.0,179.0,639.0,0.0,0.0,2569.0,1364.0,1457352159.281
91.568,5.138,0.0,0.0,0.0,3.294,0.0,20480.0,21688.0,5118710.0,0.0,0.0,2876.0,1627.0,1457352160.279
95.979,2.594,0.130,0.0,0.0,1.297,0.0,0.0,21190.0,12130013.0,0.0,0.0,2508.0,1318.0,1457352161.280
98.701,1.039,0.0,0.0,0.0,0.260,0.0,0.0,34284.0,4604661.0,0.0,0.0,2161.0,830.0,1457352162.284
97.581,2.285,0.0,0.0,0.0,0.134,0.0,0.0,15458.0,16608.0,0.0,0.0,2099.0,1031.0,1457352163.283
93.289,6.447,0.0,0.0,0.0,0.263,0.0,0.0,9546.0,11092.0,0.0,0.0,2195.0,1335.0,1457352164.281
98.229,1.499,0.0,0.0,0.0,0.272,0.0,24576.0,16995.0,20440.0,0.0,0.0,2030.0,858.0,1457352165.283
97.019,1.626,0.0,0.0,0.0,1.355,0.0,0.0,23307.0,24054.0,0.0,0.0,2337.0,998.0,1457352166.280
94.340,2.426,0.0,0.0,0.0,3.235,0.0,0.0,22722.0,2799430.0,0.0,0.0,2753.0,1314.0,1457352167.282
91.405,7.094,0.0,0.0,0.0,1.501,0.0,0.0,35765.0,9893318.0,0.0,0.0,2561.0,1770.0,1457352168.280
96.257,3.075,0.0,0.0,0.0,0.668,0.0,0.0,16275.0,7650332.0,0.0,0.0,2342.0,1265.0,1457352169.281
98.143,1.592,0.0,0.0,0.0,0.265,0.0,475136.0,13917.0,1534926.0,0.0,0.0,2085.0,860.0,1457352170.281
96.076,1.488,0.0,0.0,0.0,2.436,0.0,0.0,3537.0,274329.0,0.0,0.0,2794.0,1387.0,1457352171.281
92.183,5.391,0.0,0.0,0.0,2.426,0.0,0.0,33752.0,7214312.0,0.0,0.0,2866.0,1903.0,1457352172.280
93.256,3.891,0.0,0.0,0.0,2.853,0.0,0.0,25536.0,11974460.0,0.0,0.0,3175.0,1764.0,1457352173.281
96.321,1.577,0.0,0.0,0.0,2.102,0.0,0.0,37467.0,10915686.0,0.0,0.0,2698.0,1411.0,1457352174.280
93.809,2.961,0.0,0.0,0.0,3.230,0.0,73728.0,30159.0,9950934.0,0.0,0.0,2947.0,1682.0,1457352175.286
94.359,3.974,0.0,0.0,0.0,1.667,0.0,0.0,33571.0,11522429.0,0.0,0.0,2863.0,1915.0,1457352176.282
94.730,2.767,0.0,0.0,0.0,2.503,0.0,0.0,22088.0,10098237.0,0.0,0.0,3190.0,1868.0,1457352177.280
95.664,1.708,0.0,0.0,0.0,2.628,0.0,0.0,43655.0,12600887.0,0.0,0.0,3017.0,1847.0,1457352178.283
93.544,3.953,0.0,0.0,0.0,2.503,0.0,0.0,38323.0,15174552.0,0.0,0.0,2993.0,2242.0,1457352179.280
93.725,4.183,0.0,0.0,0.0,2.092,0.0,1040384.0,32947.0,12588252.0,0.0,0.0,2885.0,2198.0,1457352180.281
98.175,1.695,0.0,0.0,0.0,0.130,0.0,0.0,29998.0,7134224.0,0.0,0.0,2148.0,1444.0,1457352181.282
96.606,2.611,0.0,0.0,0.0,0.783,0.0,0.0,15776.0,16699.0,0.0,0.0,2267.0,1565.0,1457352182.282
93.430,3.417,0.0,0.0,0.0,3.154,0.0,0.0,14798.0,731900.0,0.0,0.0,3184.0,2024.0,1457352183.280
92.095,4.611,0.0,0.0,0.0,3.294,0.0,0.0,63700.0,10440771.0,0.0,0.0,3074.0,2002.0,1457352184.280
91.029,4.749,0.0,0.0,0.0,4.222,0.0,2863104.0,46799.0,21315272.0,0.0,0.0,2844.0,2083.0,1457352185.282
93.708,4.016,0.0,0.0,0.0,2.276,0.0,0.0,35970.0,12983452.0,0.0,0.0,2876.0,1942.0,1457352186.284
93.750,3.324,0.0,0.0,0.0,2.926,0.0,0.0,21045.0,9276738.0,0.0,0.0,2573.0,1553.0,1457352187.282
95.969,3.381,0.0,0.0,0.0,0.650,0.0,0.0,19574.0,10667068.0,0.0,0.0,2320.0,1464.0,1457352188.279
96.272,3.329,0.0,0.0,0.0,0.399,0.0,0.0,11500.0,346364.0,0.0,0.0,2213.0,1544.0,1457352189.281
90.713,7.402,0.0,0.0,0.0,1.884,0.0,106496.0,18385.0,22324.0,0.0,0.0,2479.0,1988.0,1457352190.282
89.295,7.050,0.131,0.0,0.0,3.525,0.0,0.0,21377.0,2569575.0,0.0,0.0,2909.0,1629.0,1457352191.281
88.472,6.836,0.0,0.0,0.0,4.692,0.0,0.0,43466.0,10229438.0,0.0,0.0,3133.0,2425.0,1457352192.280
85.826,10.923,0.0,0.0,0.0,3.251,0.0,0.0,0.0,0.0,0.0,0.0,2960.0,1787.0,1457352193.282
82.275,7.540,6.085,0.0,0.0,4.101,0.0,0.0,97742.0,25727951.0,0.0,0.0,3061.0,2164.0,1457352194.281
81.758,10.652,5.193,0.0,0.0,2.397,0.0,225280.0,42536.0,12917119.0,0.0,0.0,2632.0,1240.0,1457352195.281
86.649,11.444,0.272,0.0,0.0,1.635,0.0,0.0,19417.0,9216372.0,0.0,0.0,2812.0,1981.0,1457352196.280
81.722,14.040,2.517,0.0,0.0,1.722,0.0,0.0,31882.0,5174906.0,0.0,0.0,3093.0,2492.0,1457352197.281
62.450,20.107,13.848,0.0,0.0,3.595,0.0,0.0,43270.0,2628693.0,0.0,0.0,3610.0,2632.0,1457352198.282
55.480,14.208,27.199,0.0,0.0,3.112,0.0,0.0,97286.0,15376392.0,0.0,0.0,3311.0,2291.0,1457352199.282
67.843,10.855,17.096,1.628,0.0,2.578,0.0,10088448.0,81540.0,29005591.0,0.0,0.0,3059.0,1691.0,1457352200.280
85.523,11.528,2.011,0.0,0.0,0.938,0.0,0.0,37072.0,18030639.0,0.0,0.0,2932.0,1933.0,1457352201.280
91.228,7.152,0.0,0.0,0.0,1.619,0.0,0.0,21070.0,1325998.0,0.0,0.0,2920.0,1850.0,1457352202.280
91.656,6.887,0.0,0.0,0.0,1.457,0.0,0.0,17713.0,8049876.0,0.0,0.0,2698.0,1659.0,1457352203.280
90.713,7.133,0.0,0.0,0.0,2.153,0.0,0.0,14125.0,7794843.0,0.0,0.0,3032.0,1821.0,1457352204.280
91.161,6.596,0.0,0.0,0.0,2.243,0.0,352256.0,55748.0,10816732.0,0.0,0.0,3497.0,2400.0,1457352205.280
93.203,4.706,0.0,0.0,0.0,2.092,0.0,0.0,59065.0,8959490.0,0.0,0.0,3648.0,2379.0,1457352206.280
93.333,4.933,0.0,0.0,0.0,1.733,4096.0,0.0,0.0,0.0,0.0,0.0,2969.0,1973.0,1457352207.281
93.997,5.048,0.0,0.0,0.0,0.955,12288.0,0.0,141144.0,17282143.0,0.0,0.0,2470.0,1672.0,1457352208.281
92.876,6.183,0.0,0.0,0.0,0.941,0.0,0.0,15526.0,1048855.0,0.0,0.0,2227.0,1605.0,1457352209.282
92.657,4.539,0.0,0.0,0.0,2.804,0.0,36864.0,16220.0,1164015.0,0.0,0.0,2869.0,1670.0,1457352210.280
91.790,5.114,0.0,0.0,0.0,3.096,0.0,0.0,29449.0,10855093.0,0.0,0.0,3027.0,1832.0,1457352211.281
89.801,5.960,0.0,0.0,0.0,4.238,0.0,0.0,59314.0,20861570.0,0.0,0.0,3094.0,1993.0,1457352212.279
88.694,7.806,0.0,0.0,0.0,3.499,0.0,0.0,56295.0,20813742.0,0.0,0.0,3149.0,2222.0,1457352213.280
90.969,6.021,0.0,0.0,0.0,3.010,0.0,0.0,44119.0,20772576.0,0.0,0.0,3067.0,2124.0,1457352214.281
91.270,5.423,0.0,0.0,0.0,3.307,0.0,32768.0,35138.0,13984221.0,0.0,0.0,2867.0,1707.0,1457352215.284
87.782,8.234,0.0,0.0,0.0,3.984,0.0,0.0,31872.0,10766976.0,0.0,0.0,3122.0,2068.0,1457352216.281
86.160,9.362,0.0,0.0,0.0,4.478,0.0,0.0,55231.0,20007989.0,0.0,0.0,3175.0,2119.0,1457352217.281
87.883,8.921,0.133,0.0,0.0,3.063,0.0,0.0,58567.0,20487196.0,0.0,0.0,3237.0,2091.0,1457352218.283
90.438,6.906,0.0,0.0,0.0,2.656,0.0,0.0,54642.0,20080374.0,0.0,0.0,2797.0,1741.0,1457352219.280
90.897,5.842,0.0,0.0,0.0,3.261,0.0,1028096.0,37048.0,14095674.0,0.0,0.0,2934.0,1690.0,1457352220.279
87.583,8.144,0.0,0.0,0.0,4.272,0.0,0.0,31114.0,8993115.0,0.0,0.0,3252.0,2235.0,1457352221.280
90.457,5.914,0.0,0.0,0.0,3.629,0.0,0.0,45915.0,19200820.0,0.0,0.0,2817.0,1700.0,1457352222.279
91.016,5.599,0.0,0.0,0.0,3.385,0.0,0.0,39750.0,14882126.0,0.0,0.0,2968.0,1580.0,1457352223.280
92.651,5.381,0.0,0.0,0.0,1.969,0.0,0.0,37404.0,10395992.0,0.0,0.0,2716.0,1516.0,1457352224.280
88.140,8.895,0.0,0.0,0.0,2.965,0.0,53248.0,32525.0,10863669.0,0.0,0.0,3013.0,2082.0,1457352225.282
90.663,6.225,0.0,0.0,0.0,3.112,0.0,0.0,30747.0,11994842.0,0.0,0.0,3112.0,2020.0,1457352226.285
92.098,5.586,0.0,0.0,0.0,2.316,0.0,0.0,50329.0,16915580.0,0.0,0.0,2879.0,1829.0,1457352227.279
92.133,5.467,0.0,0.0,0.0,2.400,0.0,0.0,36417.0,12842251.0,0.0,0.0,3048.0,2259.0,1457352228.281
89.084,7.817,0.0,0.0,0.0,3.100,0.0,0.0,35835.0,13238672.0,0.0,0.0,3103.0,2323.0,1457352229.282
92.513,4.813,0.0,0.0,0.0,2.674,0.0,503808.0,49833.0,17069726.0,0.0,0.0,2984.0,2210.0,1457352230.280
92.568,4.172,0.0,0.0,0.0,3.259,0.0,0.0,29048.0,14563095.0,0.0,0.0,2922.0,1828.0,1457352231.280
93.701,4.331,0.0,0.0,0.0,1.969,0.0,0.0,38387.0,12085683.0,0.0,0.0,2786.0,2257.0,1457352232.284
92.267,6.533,0.0,0.0,0.0,1.200,0.0,0.0,28203.0,10913184.0,0.0,0.0,2322.0,2067.0,1457352233.282
94.889,3.277,0.0,0.0,0.0,1.835,0.0,0.0,9325.0,2788639.0,0.0,0.0,2852.0,1891.0,1457352234.282
94.758,2.883,0.0,0.0,0.0,2.359,0.0,110592.0,28827.0,7851092.0,0.0,0.0,2748.0,1675.0,1457352235.280
93.694,3.861,0.0,0.0,0.0,2.445,0.0,0.0,29045.0,10174322.0,0.0,0.0,3001.0,1863.0,1457352236.284
92.941,4.837,0.0,0.0,0.0,2.222,0.0,0.0,28714.0,11104479.0,0.0,0.0,2881.0,2074.0,1457352237.281
93.801,3.235,0.0,0.0,0.0,2.965,0.0,0.0,38729.0,12849587.0,0.0,0.0,2911.0,2781.0,1457352238.288
91.563,4.288,0.0,0.0,0.0,4.149,0.0,0.0,38626.0,12409451.0,0.0,0.0,3219.0,3352.0,1457352239.280
90.301,5.374,0.0,0.0,0.0,4.325,0.0,704512.0,72353.0,27605601.0,0.0,0.0,3452.0,3165.0,1457352240.279
89.359,7.094,0.0,0.0,0.0,3.547,0.0,4096.0,70446.0,30012255.0,0.0,0.0,3049.0,4455.0,1457352241.283
97.276,2.724,0.0,0.0,0.0,0.0,0.0,0.0,28170.0,15098290.0,0.0,0.0,2189.0,2597.0,1457352242.281
97.769,1.969,0.0,0.0,0.0,0.262,0.0,0.0,7817.0,8364.0,0.0,0.0,2116.0,1554.0,1457352243.283
95.788,4.076,0.0,0.0,0.0,0.136,0.0,0.0,7752.0,8101.0,0.0,0.0,2133.0,1740.0,1457352244.281
95.940,3.654,0.0,0.0,0.0,0.406,0.0,876544.0,299.0,1277.0,0.0,0.0,2368.0,1783.0,1457352245.280
97.287,2.584,0.0,0.0,0.0,0.129,0.0,147456.0,27694.0,24705.0,0.0,0.0,2154.0,1200.0,1457352246.284
85.889,13.976,0.0,0.0,0.0,0.136,0.0,0.0,433.0,1131.0,0.0,0.0,2027.0,1163.0,1457352247.282
92.982,6.748,0.0,0.0,0.0,0.270,0.0,0.0,34181.0,5059.0,0.0,0.0,2161.0,1742.0,1457352248.280
94.584,5.020,0.0,0.0,0.0,0.396,0.0,0.0,115.0,647.0,0.0,0.0,2378.0,2095.0,1457352249.282
93.342,6.527,0.0,0.0,0.0,0.131,0.0,0.0,2826.0,1696.0,0.0,0.0,2492.0,3811.0,1457352250.280
87.931,11.406,0.0,0.0,0.0,0.663,0.0,45056.0,22094.0,5872.0,0.0,0.0,2369.0,2479.0,1457352251.286
76.882,21.268,0.132,0.0,0.0,1.717,8192.0,0.0,1472793.0,18378.0,0.0,0.0,3130.0,2326.0,1457352252.283
93.280,4.704,0.0,0.0,0.0,2.016,0.0,0.0,6123347.0,24380.0,0.0,0.0,3266.0,2772.0,1457352253.280
92.318,6.584,0.0,0.0,0.0,1.097,0.0,0.0,7869072.0,33646.0,0.0,0.0,2927.0,4787.0,1457352254.281
88.874,8.445,0.0,0.0,0.0,2.681,0.0,688128.0,3204982.0,23626.0,0.0,0.0,3522.0,3144.0,1457352255.280
86.866,11.573,0.0,0.0,0.0,1.560,0.0,102400.0,11392417.0,36762.0,0.0,0.0,2920.0,3933.0,1457352256.282
94.086,4.973,0.0,0.0,0.0,0.941,0.0,0.0,4949872.0,22597.0,0.0,0.0,2663.0,5212.0,1457352257.280
89.281,7.598,0.136,0.0,0.0,2.985,0.0,0.0,2237256.0,2137912.0,0.0,0.0,3230.0,2170.0,1457352258.280
89.024,9.214,0.0,0.0,0.0,1.762,0.0,0.0,3383060.0,10810601.0,0.0,0.0,2662.0,1833.0,1457352259.281
78.278,11.788,8.874,0.0,0.0,1.060,0.0,0.0,17513.0,8954104.0,0.0,0.0,2243.0,2100.0,1457352260.284
77.348,11.602,10.221,0.0,0.0,0.829,0.0,28672.0,1097.0,3159.0,0.0,0.0,2111.0,2992.0,1457352261.288
84.183,3.399,11.895,0.0,0.0,0.523,0.0,0.0,1585.0,5108.0,0.0,0.0,2143.0,2550.0,1457352262.281
88.032,6.516,4.122,0.0,0.0,1.330,0.0,0.0,1290.0,3192.0,0.0,0.0,2266.0,1879.0,1457352263.281
90.837,4.648,3.586,0.0,0.0,0.930,0.0,0.0,11211.0,14683.0,0.0,0.0,2307.0,1459.0,1457352264.281
89.348,2.130,8.389,0.0,0.0,0.133,0.0,0.0,281648.0,10040.0,0.0,0.0,2099.0,1133.0,1457352265.280
93.501,5.172,0.796,0.0,0.0,0.531,0.0,0.0,1516.0,4799.0,0.0,0.0,2224.0,2131.0,1457352266.280
89.459,5.0,4.865,0.0,0.0,0.676,0.0,90112.0,1515.0,5016.0,0.0,0.0,2116.0,1278.0,1457352267.283
86.765,3.877,8.556,0.0,0.0,0.802,0.0,0.0,1289.0,3212.0,0.0,0.0,2104.0,1212.0,1457352268.281
83.333,1.867,14.667,0.0,0.0,0.133,0.0,0.0,1452.0,4801.0,0.0,0.0,1920.0,930.0,1457352269.280
89.402,2.310,8.016,0.0,0.0,0.272,0.0,430080.0,2061.0,6585.0,0.0,0.0,2116.0,1072.0,1457352270.282
94.952,4.229,0.682,0.0,0.0,0.136,0.0,0.0,792.0,2433.0,0.0,0.0,2169.0,1202.0,1457352271.280
83.574,1.183,14.192,0.526,0.0,0.526,0.0,81920.0,1501.0,5584.0,0.0,0.0,2084.0,883.0,1457352272.281
82.698,3.134,11.853,0.0,0.0,2.316,0.0,0.0,13343.0,1416335.0,0.0,0.0,2681.0,1260.0,1457352273.281
84.483,3.714,11.008,0.0,0.0,0.796,0.0,0.0,26626.0,8837570.0,0.0,0.0,2520.0,1143.0,1457352274.280
88.324,3.571,7.005,0.0,0.0,1.099,0.0,0.0,19073.0,10038715.0,0.0,0.0,2135.0,1095.0,1457352275.281
81.976,1.335,16.555,0.0,0.0,0.134,0.0,0.0,5238.0,1579035.0,0.0,0.0,1858.0,809.0,1457352276.280
82.181,1.064,16.622,0.0,0.0,0.133,0.0,0.0,1082.0,3999.0,0.0,0.0,1828.0,800.0,1457352277.286
92.047,5.346,2.347,0.0,0.0,0.261,0.0,20480.0,970.0,2993.0,0.0,0.0,2181.0,1092.0,1457352278.282
95.257,2.304,1.626,0.0,0.0,0.813,0.0,0.0,1323.0,5267.0,0.0,0.0,2106.0,1079.0,1457352279.280
86.585,1.626,11.518,0.0,0.0,0.271,0.0,0.0,275664.0,17706.0,0.0,0.0,1915.0,1108.0,1457352280.284
86.408,2.080,11.373,0.0,0.0,0.139,0.0,0.0,1196.0,4602.0,0.0,0.0,1902.0,948.0,1457352281.280
90.040,4.914,4.914,0.0,0.0,0.133,0.0,0.0,1146.0,4284.0,0.0,0.0,2192.0,1137.0,1457352282.280
87.664,2.231,9.843,0.0,0.0,0.262,0.0,0.0,1039.0,3501.0,0.0,0.0,2023.0,1007.0,1457352283.289
80.426,1.465,18.109,0.0,0.0,0.0,0.0,53248.0,1324.0,4602.0,0.0,0.0,1850.0,835.0,1457352284.280
80.933,1.867,16.933,0.0,0.0,0.267,0.0,0.0,1210.0,4284.0,0.0,0.0,1911.0,900.0,1457352285.283
86.974,5.263,7.500,0.0,0.0,0.263,0.0,0.0,969.0,3501.0,0.0,0.0,2081.0,1097.0,1457352286.281
80.180,1.544,17.632,0.0,0.0,0.644,0.0,0.0,1196.0,4602.0,0.0,0.0,2060.0,918.0,1457352287.282
88.732,2.676,6.761,0.0,0.0,1.831,0.0,0.0,11453.0,1460826.0,0.0,0.0,2624.0,1308.0,1457352288.286
94.133,1.825,2.347,0.0,0.0,1.695,0.0,0.0,23787.0,9206813.0,0.0,0.0,2756.0,1228.0,1457352289.283
94.236,5.362,0.0,0.0,0.0,0.402,0.0,20480.0,20232.0,10992280.0,0.0,0.0,2285.0,1281.0,1457352290.281
97.354,2.381,0.0,0.0,0.0,0.265,0.0,0.0,2385.0,192258.0,0.0,0.0,2157.0,1181.0,1457352291.281
92.443,2.159,5.263,0.0,0.0,0.135,0.0,0.0,1210.0,4289.0,0.0,0.0,2066.0,1004.0,1457352292.279
97.240,2.628,0.0,0.0,0.0,0.131,0.0,0.0,1147.0,4068.0,0.0,0.0,2151.0,1285.0,1457352293.280
96.410,3.457,0.0,0.0,0.0,0.133,0.0,0.0,6169.0,8688.0,0.0,0.0,2287.0,1589.0,1457352294.281
97.450,1.879,0.268,0.0,0.0,0.403,0.0,1916928.0,143033.0,12991.0,0.0,0.0,2351.0,1532.0,1457352295.281
97.889,2.111,0.0,0.0,0.0,0.0,0.0,0.0,140283.0,6119.0,0.0,0.0,2132.0,1061.0,1457352296.282
97.107,2.617,0.0,0.0,0.0,0.275,0.0,0.0,1048.0,2524.0,0.0,0.0,2131.0,1272.0,1457352297.281
94.661,4.688,0.130,0.0,0.0,0.521,0.0,0.0,1530.0,4336.0,0.0,0.0,2200.0,1502.0,1457352298.283
96.752,2.977,0.0,0.0,0.0,0.271,0.0,0.0,0.0,0.0,0.0,0.0,2112.0,1634.0,1457352299.282
93.412,5.929,0.0,0.0,0.0,0.659,0.0,151552.0,4166.0,9824.0,0.0,0.0,2404.0,3062.0,1457352300.279
87.957,7.713,4.060,0.0,0.0,0.271,0.0,0.0,1977.0,5666.0,0.0,0.0,2096.0,1141.0,1457352301.282
63.228,3.704,32.804,0.0,0.0,0.265,0.0,0.0,1644.0,5120.0,0.0,0.0,2161.0,1824.0,1457352302.280
44.267,4.933,49.600,0.0,0.0,1.200,0.0,1355776.0,31810.0,2258019.0,0.0,0.0,2351.0,1447.0,1457352303.283
45.914,2.464,51.102,0.0,0.0,0.519,0.0,0.0,34896.0,10216061.0,0.0,0.0,2541.0,1877.0,1457352304.281
25.419,7.484,66.581,0.129,0.0,0.387,0.0,2564096.0,39809.0,10682282.0,0.0,0.0,2536.0,2884.0,1457352305.280
25.313,1.128,73.559,0.0,0.0,0.0,0.0,606208.0,46220.0,2801024.0,0.0,0.0,1037.0,726.0,1457352306.280
42.205,1.774,55.640,0.0,0.0,0.380,0.0,0.0,0.0,0.0,0.0,0.0,2032.0,1438.0,1457352307.284
54.604,6.874,36.187,0.0,0.0,2.335,0.0,0.0,4643586.0,3033700.0,0.0,0.0,5806.0,4435.0,1457352308.282
55.260,16.112,23.835,0.0,0.0,4.794,0.0,0.0,26360821.0,16059484.0,0.0,0.0,7001.0,6061.0,1457352309.281
54.215,6.226,38.262,0.0,0.0,1.297,0.0,245760.0,47702488.0,20422561.0,0.0,0.0,4295.0,3173.0,1457352310.281
28.535,1.799,69.152,0.0,0.0,0.514,0.0,0.0,81949.0,9389745.0,0.0,0.0,2623.0,2267.0,1457352311.280
7.296,2.264,90.189,0.0,0.0,0.252,0.0,0.0,62369.0,7589263.0,0.0,0.0,2169.0,2285.0,1457352312.280
0.125,0.125,99.750,0.0,0.0,0.0,0.0,0.0,0.0,0.0,0.0,0.0,174.0,330.0,1457352313.280
0.0,0.0,100.0,0.0,0.0,0.0,0.0,0.0,1441268.0,1445149.0,0.0,0.0,161.0,321.0,1457352314.280
0.0,0.0,99.750,0.250,0.0,0.0,0.0,184320.0,0.0,0.0,0.0,0.0,169.0,324.0,1457352315.280
0.125,0.0,99.875,0.0,0.0,0.0,0.0,0.0,358.0,682.0,0.0,0.0,174.0,339.0,1457352316.280
0.0,0.0,100.0,0.0,0.0,0.0,0.0,0.0,229.0,901.0,0.0,0.0,151.0,306.0,1457352317.280
0.0,0.0,100.0,0.0,0.0,0.0,0.0,0.0,0.0,0.0,0.0,0.0,160.0,322.0,1457352318.280
0.0,0.0,100.0,0.0,0.0,0.0,0.0,0.0,230.0,682.0,0.0,0.0,173.0,335.0,1457352319.280
0.125,0.375,97.375,2.125,0.0,0.0,0.0,16257024.0,0.0,0.0,0.0,0.0,337.0,372.0,1457352320.280
0.0,0.125,83.855,16.020,0.0,0.0,0.0,45359104.0,778.0,1242.0,0.0,0.0,338.0,339.0,1457352321.280
0.0,0.0,100.0,0.0,0.0,0.0,0.0,24211456.0,0.0,0.0,0.0,0.0,256.0,346.0,1457352322.280
0.0,0.0,100.0,0.0,0.0,0.0,0.0,0.0,600.0,1315.0,0.0,0.0,151.0,300.0,1457352323.280
0.0,0.0,100.0,0.0,0.0,0.0,0.0,0.0,0.0,0.0,0.0,0.0,158.0,312.0,1457352324.280
0.125,0.0,99.875,0.0,0.0,0.0,0.0,0.0,550.0,682.0,0.0,0.0,168.0,327.0,1457352325.280
0.0,0.0,99.749,0.251,0.0,0.0,0.0,12099584.0,0.0,0.0,0.0,0.0,211.0,317.0,1457352326.280
0.0,0.0,100.0,0.0,0.0,0.0,0.0,0.0,600.0,1242.0,0.0,0.0,155.0,309.0,1457352327.280
0.0,0.0,100.0,0.0,0.0,0.0,0.0,0.0,0.0,0.0,0.0,0.0,177.0,335.0,1457352328.280
0.0,0.0,100.0,0.0,0.0,0.0,0.0,0.0,1048.0,1242.0,0.0,0.0,152.0,299.0,1457352329.280
0.0,0.0,100.0,0.0,0.0,0.0,0.0,0.0,0.0,0.0,0.0,0.0,158.0,303.0,1457352330.280
0.0,0.125,99.626,0.249,0.0,0.0,0.0,36864.0,998.0,682.0,0.0,0.0,166.0,323.0,1457352331.280
0.0,0.0,100.0,0.0,0.0,0.0,0.0,0.0,0.0,0.0,0.0,0.0,162.0,321.0,1457352332.280
0.0,0.0,100.0,0.0,0.0,0.0,0.0,0.0,920.0,1242.0,0.0,0.0,151.0,302.0,1457352333.280
0.0,0.0,100.0,0.0,0.0,0.0,0.0,0.0,0.0,0.0,0.0,0.0,157.0,315.0,1457352334.280
0.0,0.0,100.0,0.0,0.0,0.0,0.0,0.0,600.0,1242.0,0.0,0.0,147.0,299.0,1457352335.280
0.0,0.0,100.0,0.0,0.0,0.0,0.0,0.0,0.0,0.0,0.0,0.0,156.0,312.0,1457352336.280
0.0,0.0,99.875,0.125,0.0,0.0,0.0,12288.0,294.0,682.0,0.0,0.0,168.0,327.0,1457352337.280
0.0,0.0,100.0,0.0,0.0,0.0,0.0,0.0,0.0,0.0,0.0,0.0,147.0,300.0,1457352338.280
0.0,0.0,100.0,0.0,0.0,0.0,0.0,0.0,472.0,1242.0,0.0,0.0,148.0,309.0,1457352339.280
0.125,0.0,99.875,0.0,0.0,0.0,0.0,0.0,0.0,0.0,0.0,0.0,169.0,329.0,1457352340.280
0.0,0.0,100.0,0.0,0.0,0.0,0.0,0.0,472.0,1242.0,0.0,0.0,148.0,302.0,1457352341.280
0.0,0.0,100.0,0.0,0.0,0.0,0.0,0.0,0.0,0.0,0.0,0.0,152.0,309.0,1457352342.280
0.0,0.0,99.750,0.250,0.0,0.0,0.0,12288.0,230.0,682.0,0.0,0.0,162.0,322.0,1457352343.280
0.0,0.125,99.875,0.0,0.0,0.0,0.0,0.0,0.0,0.0,0.0,0.0,156.0,322.0,1457352344.280
